0010001100100001
0000000000000000
0000000000000000
0000000000000000
0010010000110010
0000000000000000
0000000000000000
0000000000000000
0010010101000011
0000000000000000
0000000000000000
0000000000000000
0010011001010100
0000000000000000
0000000000000000
0000000000000000
0010011101100101
0000000000000000
0000000000000000
0000000000000000
0010100001110110
0000000000000000
0000000000000000
0000000000000000
0010100110000111
0001100000000000
0000000000000000
0000000000000000
0000000000000000
0000111100000000
0000000000000000
0000000000000000
0000000000000000
